87 Mug 0.20 2026-01-12_10:30 1 3.47 4
91 Backpack 1.30 2026-01-18_14:00 1 6.30 1
95 Kindle 0.20 2026-01-23_09:15 1 6.16 5
99 YogaMat 1.10 2026-02-01_11:30 1 4.46 4
110 EspressoMachine 9.50 2026-02-08_15:45 1 16.15 3
113 RunningShoes 0.80 2026-02-12_12:00 1 5.16 2
117 OfficeChair 14.20 2026-02-19_10:00 1 20.38 3
119 Smartwatch 0.10 2026-02-22_16:30 1 5.10 1
121 Frypan 1.40 2026-02-26_13:00 1 7.12 5
123 MacBookAir 1.20 2026-03-04_15:20 1 6.20 1
127 LegoSet 2.60 2026-03-11_11:00 1 7.32 2
131 TVSamsung 16.80 2026-03-18_14:30 1 22.72 3
135 DroneDJI 1.80 2026-03-25_09:45 1 6.80 1
139 CoffeeBeans 0.50 2026-04-01_08:00 1 3.80 4
141 Cookbook 1.10 2026-04-08_17:00 1 6.88 5
143 Plant 0.40 2026-04-15_12:30 1 3.69 4
102 iPadAir 0.65 2026-04-26_10:30 1 5.65 1
103 AirPodsPro 0.05 2026-04-26_18:00 1 6.04 5
109 NintendoSwitch 0.40 2026-04-27_16:30 1 6.32 5
